69
69
71
73
75
78
81
83
85
88
90
93
95
98
100
103
105
108
111
114
117
121
123
126
129
133
135
138
140
141
142
144
146
149
151
155
159
164
167
170
172
173
175
176
177
177
178
178
179
179
179
180
181
181
182
183
183
184
185
186
187
188
191
192
193
194
195
196
197
199
201
203
204
205
206
206
207
210
211
212
214
215
217
219
220
221
223
224
225
226
226
227
228
228
229
229
230
231
231
233
234
234
235
235
235
238
239
240
242
244
245
247
249
250
252
253
254
257
258
260
261
262
263
264
265
266
267
269
271
273
275
276
278
280
283
285
288
292
297
300
305
309
315
319
323
326
329
332
334
337
340
342
345
349
353
356
360
363
366
368
368
368
368
368
367
366
365
364
363
363
363
363
364
365
366
368
369
371
372
374
375
376
377
378
379
380
382
386
389
393
396
400
403
405
409
411
413
416
418
420
422
424
426
428
430
432
434
436
440
444
448
453
456
459
462
465
467
470
473
477
479
482
487
490
494
497
501
504
506
511
514
517
520
523
528
533
537
542
546
552
557
561
565
569
573
578
582
586
589
593
595
596
596
596
597
597
597
597
597
596
596
595
593
592
591
590
589
588
587
587
587
586
586
586
586
587
588
589
591
593
596
598
601
604
607
610
612
613
615
616
617
620
621
621
621
621
621
621
621
621
621
621
622
622
623
624
625
625
626
627
628
630
632
634
638
643
647
652
655
658
661
663
665
665
665
665
665
665
663
662
661
660
660
660
660
662
663
665
669
672
676
682
691
698
705
712
717
722
727
732
738
742
746
749
751
753
755
756
758
759
760
761
762
762
762
763
763
763
762
762
762
761
761
761
761
761
761
761
762
763
764
765
766
767
768
769
770
771
772
773
775
777
779
783
786
789
793
798
800
802
804
806
808
810
812
814
816
817
820
823
825
825
827
828
829
831
832
833
835
837
837
838
838
838
838
839
839
839
839
839
839
839
838
838
838
838
838
838
838
838
838
838
838
838
838
838
838
838
838
838
838
838
839
839
839
839
839
839
839
839
839
839
839
839
840
841
843
846
850
854
858
863
866
868
870
871
872
873
875
876
877
