57
57
59
59
60
62
63
65
67
69
71
74
76
79
82
86
89
94
99
104
108
113
119
124
129
134
140
145
151
157
162
166
171
176
179
182
185
188
191
195
197
199
202
205
208
211
213
215
218
220
221
223
224
225
226
227
228
229
230
231
232
234
235
236
238
239
240
242
243
244
245
246
247
248
249
250
252
253
254
255
256
258
259
260
262
264
265
266
267
268
270
273
276
281
286
292
297
303
309
315
321
326
331
335
338
342
346
349
351
354
356
359
363
367
371
375
380
384
386
389
391
394
397
399
401
403
405
407
408
411
412
414
415
416
418
419
421
422
424
426
429
431
433
435
437
440
443
447
451
454
459
463
468
473
476
478
479
