875
874
873
872
870
868
864
859
852
845
835
826
819
811
806
802
800
797
793
786
778
768
757
748
739
730
723
718
713
705
696
684
670
655
642
631
624
620
618
618
618
617
615
613
610
607
604
602
598
591
580
566
550
535
521
509
502
498
497
495
493
490
487
483
478
473
468
463
459
453
446
438
425
412
397
386
374
366
363
362
361
360
359
357
355
353
350
348
344
341
337
331
322
311
300
289
280
274
271
270
270
269
268
266
264
263
260
257
254
248
240
229
217
204
193
186
181
179
179
177
175
173
171
168
165
161
157
152
149
145
140
135
127
119
111
101
94
87
83
82
81
81
80
79
78
76
75
74
73
72
71
70
69
68
67
67
66
65
65
64
63
63
62
61
61
60
59
59
57
56
55
54
53
52
52
51
50
49
49
48
48
48
47
46
46
46
46
47
47
53
63
80
102
127
158
192
230
264
297
327
357
383
409
434
454
466
474
482
486
490
493
495
