262
261
259
256
251
246
241
237
233
228
223
219
215
210
206
203
199
195
191
187
183
179
174
170
167
163
161
159
157
157
156
156
156
157
158
161
164
166
171
174
176
179
181
183
185
188
191
195
198
201
204
206
209
211
213
214
216
218
218
220
222
224
225
225
225
225
225
225
225
225
225
225
225
225
225
225
225
225
225
224
224
223
223
222
222
222
222
222
222
223
225
227
229
231
232
234
236
237
238
240
241
242
243
243
244
246
249
250
251
252
253
253
253
251
249
247
245
243
241
238
235
232
227
225
222
219
217
214
210
208
206
204
202
200
198
196
193
190
187
184
179
176
171
166
161
156
151
147
144
139
136
132
127
124
120
117
114
111
109
110
111
111
112
113
114
116
117
118
118
117
116
112
108
105
101
98
94
90
86
83
81
78
76
75
74
73
72
71
70
69
68
66
65
63
63
61
60
60
60
59
59
58
58
58
58
58
58
58
58
58
58
58
58
58
58
58
58
58
58
58
58
58
58
59
59
59
59
59
59
59
59
59
59
58
58
58
57
57
57
56
56
55
54
53
52
51
51
50
50
50
50
50
51
52
55
58
64
69
74
80
85
89
94
100
106
110
114
117
120
122
124
125
126
127
128
128
129
130
133
136
138
139
141
143
145
147
149
151
153
155
158
161
165
168
170
174
177
182
187
192
198
202
206
209
211
212
212
213
213
214
214
216
219
223
229
235
241
246
251
256
259
262
265
267
271
276
281
287
293
300
307
313
319
325
329
331
332
333
334
334
335
335
336
337
338
339
340
341
341
341
341
341
341
340
339
337
335
331
327
320
313
306
298
288
279
270
258
250
242
234
228
223
218
212
207
202
195
189
183
177
170
164
159
154
150
145
142
139
139
137
136
135
134
134
133
133
133
133
134
134
135
136
137
139
141
142
143
143
144
145
146
146
146
146
146
146
146
146
146
146
145
145
144
142
139
137
133
128
122
116
111
106
101
96
92
89
86
82
80
77
75
73
71
69
68
67
66
64
63
62
60
59
58
57
55
54
52
51
51
50
49
49
48
47
47
47
46
46
46
46
46
46
46
46
46
46
46
46
46
46
46
