388
386
384
381
378
374
370
364
359
353
347
340
334
327
320
313
304
296
289
279
272
265
257
250
242
236
229
223
218
213
207
203
200
197
195
193
192
191
191
191
191
192
194
196
201
204
209
214
219
226
233
241
250
259
267
276
283
290
297
304
311
317
323
330
336
342
348
353
359
364
369
375
379
382
386
389
394
397
400
403
405
408
410
413
415
417
417
418
418
418
417
415
412
408
403
398
392
386
378
370
363
355
348
341
335
329
325
322
319
316
314
312
311
310
309
309
309
309
309
310
312
314
317
320
324
327
330
334
337
341
344
347
352
354
359
362
365
369
371
374
376
379
381
384
385
386
387
388
389
390
390
391
391
391
391
391
391
