242
243
243
244
246
247
250
254
260
267
274
283
290
296
301
303
303
303
299
292
281
269
256
246
238
231
227
225
225
227
233
242
254
269
283
292
298
302
303
302
296
290
282
273
266
262
260
260
260
264
272
282
295
304
313
320
324
325
325
322
315
305
293
281
268
256
247
240
236
234
234
236
243
250
256
261
265
269
269
268
263
255
247
239
230
222
216
211
206
205
204
206
210
215
221
228
233
236
236
235
233
228
223
217
213
209
207
206
206
207
212
218
226
234
240
243
245
246
246
242
235
227
218
206
197
187
179
173
168
166
166
166
167
170
175
178
182
184
185
183
180
175
170
163
155
149
144
138
133
129
126
123
121
119
118
117
116
115
113
111
110
108
107
105
103
100
97
93
90
86
83
80
77
74
72
70
68
66
64
61
59
57
55
52
49
48
47
47
46
45
44
44
44
44
45
45
45
45
46
46
47
49
50
52
56
58
60
64
66
68
69
70
